image: map_bag1_scan.pgm
resolution: 0.050000
origin: [-9.184263, -6.704428, 0.000000]
negate: 0
occupied_thresh: 0.65
free_thresh: 0.196

