image: map_bag2_2d_scan.pgm
resolution: 0.050000
origin: [-9.454057, -5.581353, 0.000000]
negate: 0
occupied_thresh: 0.65
free_thresh: 0.196

