image: map_bag2_scan.pgm
resolution: 0.050000
origin: [-9.953720, -5.070559, 0.000000]
negate: 0
occupied_thresh: 0.65
free_thresh: 0.196

